loss: 0.0062012858814685734
accuracy: 0.9459459459459459
precision: 0.9782608695652174
recall: 0.9375
f1_score: 0.9574468085106383
auc: 0.876602564102564
specificity: 0.9615384615384616
