loss: 0.003214786307433167
accuracy: 0.972972972972973
precision: 1.0
recall: 0.9583333333333334
f1_score: 0.9787234042553191
auc: 0.8589743589743591
specificity: 1.0
