loss: 0.14514554478228092
accuracy: 0.9594594594594594
precision: 0.9787234042553191
recall: 0.9583333333333334
f1_score: 0.968421052631579
auc: 0.9943910256410257
specificity: 0.9615384615384616
