loss: 0.0018754660850390792
accuracy: 0.953125
precision: 0.9523809523809523
recall: 0.975609756097561
f1_score: 0.963855421686747
auc: 0.909862142099682
specificity: 0.9130434782608695
