loss: 0.13237478832403818
accuracy: 0.9864864864864865
precision: 1.0
recall: 0.9791666666666666
f1_score: 0.9894736842105263
auc: 0.9975961538461539
specificity: 1.0
