test_loss: 0.8384853601455688
test_accuracy: 35.67567567567568
