test_loss: 0.20966274694850048
test_accuracy: 92.70270270270271
